6
5 5 10
0 0 0 50 0
0 0 20 0 0
0 0 10 0 0
0 10 1 10 0
0 0 0 0 0
5 5 10
100 0 0 0 0
0 0 0 0 0
0 0 10 0 0
0 10 1 10 0
0 0 10 0 0
10 10 50
0 0 40 0 0 0 0 0 0 0
0 0 0 0 0 0 0 10 0 0
0 0 10 0 0 20 0 0 0 0
0 20 0 0 0 0 0 0 0 20
0 0 0 0 1 0 10 0 0 0
0 0 50 0 0 0 0 0 0 0
0 0 0 0 10 0 30 0 10 0
0 40 0 0 0 0 0 0 0 0
0 0 0 60 0 0 0 10 0 0
0 0 0 0 0 0 30 0 0 0
10 10 10
0 10 0 0 0 0 0 0 10 0
0 0 0 0 0 0 0 0 0 0
0 0 0 0 0 0 0 0 0 0
0 0 0 0 0 0 0 0 0 0
0 0 0 0 1 0 0 0 0 0
0 0 0 0 0 0 0 0 0 0
0 0 0 0 0 0 0 0 0 0
0 0 0 0 0 0 0 0 0 0
0 0 0 0 0 0 0 0 0 0
0 10 0 0 0 0 0 10 0 0
10 10 100
0 10 0 0 0 0 0 0 10 0
0 0 0 0 0 0 0 0 0 0
0 0 0 0 0 0 0 0 0 0
0 0 0 10 10 10 10 0 0 0
0 0 10 10 1 10 10 0 0 0
0 0 0 10 10 10 10 0 0 0
0 0 0 0 0 0 0 0 0 0
0 0 0 0 0 0 0 0 0 0
0 0 0 0 0 0 0 0 0 0
0 10 0 0 0 0 0 10 0 0
20 20 200
0 0 0 0 0 0 0 0 0 0 0 0 0 0 0 0 0 0 0 0
0 0 0 0 0 0 0 0 0 0 0 0 0 120 0 0 0 0 0 0
0 0 0 0 17 0 0 200 0 0 0 0 0 0 0 0 0 0 0 0
0 0 0 0 0 0 10 0 0 0 0 0 0 0 0 0 0 0 0 0
0 0 0 0 0 0 0 0 0 0 0 0 0 0 0 0 56 0 0 0
0 0 22 0 0 0 0 0 76 0 0 0 0 0 0 0 0 0 0 0
0 0 0 0 0 0 0 0 0 0 0 0 0 0 0 0 0 0 66 0
0 0 0 0 0 0 0 0 0 0 0 0 0 0 0 0 0 0 0 0
0 0 0 0 0 0 0 0 1 0 0 0 20 0 0 0 0 0 0 32
0 0 24 0 0 0 0 0 0 0 0 0 0 0 0 0 0 0 0 0
0 0 0 0 0 0 0 0 0 27 0 0 0 0 0 0 0 0 0 0
0 0 0 0 0 0 0 0 0 0 0 0 0 0 12 0 0 0 0 0
0 0 0 0 0 0 0 0 0 0 0 0 0 0 0 0 0 0 0 0
0 0 0 0 30 0 0 0 0 0 0 65 0 0 0 0 0 0 0 0
0 0 0 0 0 0 0 0 0 0 0 0 0 0 0 0 0 14 0 0
0 0 0 0 0 0 0 0 56 0 0 0 0 35 0 0 0 0 0 0
0 0 0 0 34 0 0 0 0 0 0 0 0 0 0 0 0 0 0 0
0 0 0 0 0 0 0 0 0 76 0 0 0 0 0 0 0 0 0 0
0 0 0 0 0 0 0 110 0 0 0 0 0 0 0 0 0 0 0 0
0 0 0 0 0 0 0 0 0 0 0 0 0 0 0 0 0 0 0 0