15
7 8
0 0 0 0 0 0 1 1
1 1 0 0 0 0 1 1
1 1 0 0 0 0 0 0
1 1 0 0 0 1 1 0
0 0 0 0 0 1 1 0
0 0 0 0 0 0 0 0
1 1 1 1 1 1 1 1
7 8
0 0 0 1 1 0 0 0
0 0 0 1 1 0 0 0
1 1 0 0 0 0 1 1
1 1 0 0 0 0 1 1
1 1 0 0 0 0 0 0
0 0 0 0 0 0 0 0
1 1 1 1 1 1 1 1
7 8
1 0 0 1 1 1 0 0
0 0 1 0 0 0 1 1
0 0 1 0 0 0 1 1
0 0 1 1 1 0 0 0
0 0 0 0 0 0 0 0
0 1 1 1 0 0 0 0
1 1 1 1 1 1 0 0
7 7
1 1 1 0 1 1 1
1 1 1 0 1 1 1
1 1 1 0 1 1 1
0 0 0 0 0 0 0
1 1 1 0 1 1 1
1 1 1 0 1 1 1
1 1 1 0 1 1 1
1 6
1 0 1 0 0 1
6 1
1
0
1
0
0
1
5 5
1 0 1 0 1
0 1 1 0 0
0 0 1 1 0
0 0 0 1 1
0 0 0 0 1
5 10
0 0 0 0 0 0 0 0 0 0
0 0 0 0 0 1 0 0 0 0
1 0 1 0 0 1 0 1 0 1
1 1 1 0 0 0 0 1 1 1
1 1 1 1 1 1 1 1 1 1
6 10
1 1 1 1 1 1 1 1 1 1
1 0 0 0 0 0 1 0 0 0
1 0 1 0 0 0 1 0 0 1
1 0 1 0 0 0 1 0 0 1
0 0 1 0 0 0 0 0 0 1
1 1 1 1 1 1 1 1 1 1
10 10
1 1 1 1 1 1 1 1 1 1
1 1 1 1 1 1 1 1 1 0
0 0 0 0 0 0 0 0 0 0
0 0 0 0 0 0 0 0 0 0
0 0 0 0 0 0 0 0 0 0
0 0 0 0 0 0 0 0 0 0
0 0 0 0 0 0 0 0 0 0
0 0 0 0 0 0 0 0 0 1
0 0 0 0 0 0 0 0 0 1
1 1 1 1 1 1 1 1 1 1
10 10
0 0 0 1 1 0 0 0 0 0
0 0 0 1 0 0 0 0 0 1
0 0 0 1 1 0 0 0 0 0
0 0 0 1 1 0 0 0 0 0
1 0 0 1 0 0 0 0 0 1
0 0 0 1 1 0 0 0 0 0
0 0 0 1 1 0 0 0 0 0
0 0 0 0 0 0 0 0 0 0
0 0 0 0 0 0 0 0 0 1
0 0 1 1 1 1 0 0 1 1
9 6
0 0 0 0 1 0
0 0 0 0 0 0
0 1 0 0 0 1
0 0 0 0 0 0
0 0 0 0 0 0
0 1 0 0 1 1
0 0 0 0 0 0
0 0 0 0 0 0
0 1 0 0 0 0
10 10
1 1 1 1 1 1 1 1 1 1
0 0 0 0 0 0 0 0 0 0
0 0 0 0 0 0 0 0 0 0
0 0 0 0 0 0 0 0 0 0
0 0 0 0 0 0 0 0 0 0
0 0 0 0 0 0 0 0 0 0
0 0 0 0 0 0 0 0 0 0
0 0 0 0 0 0 0 0 0 0
0 0 0 0 0 0 0 0 0 0
1 0 1 0 1 0 1 0 1 0
4 9
0 0 1 1 1 0 0 1 0
1 0 0 1 0 0 0 1 0
0 0 1 0 0 1 0 1 0
1 0 0 0 0 0 0 1 0
9 3
0 1 1
0 0 1
1 0 0
1 0 0
0 1 0
0 0 1
1 0 0
0 1 0
0 1 0